#      L             Mean            Error       
       4   5.56447021E-01   7.03857589E-05   
       8   4.74829910E-01   4.80668603E-05   
      16   4.01449791E-01   3.63802522E-05   
      32   3.44153197E-01   3.20540509E-05   
      64   3.00002844E-01   2.41837286E-05   
     128   2.65514591E-01   1.97704474E-05   
     256   2.37993569E-01   1.13629753E-05   
     512   2.15582252E-01   9.43603733E-06   
    1024   1.96988320E-01   9.72499434E-06   
    2048   1.81313055E-01   8.25989417E-06   
    4096   1.67956221E-01   8.24409188E-06   
    8192   1.56414478E-01   7.24533785E-06   
   16384   1.46342398E-01   7.72228307E-06   
   32768   1.37497907E-01   6.87658111E-06   
   65536   1.29655377E-01   9.71558825E-06   
